$ANSIBLE_VAULT;1.1;AES256
64363436643835386565333031666632383033346434333663663935646536663136643866613166
3138386361636637383335646235663664393436626532650a666239376264356135613734386137
61653863633064343361396433656532623037316135623738336438636335323734633931396133
3830336439366262300a346137623339376661343963613962633563663036343739613666303034
66626633656463373433666264343263333066366633636461336338343062366232353861383038
35333735356436623835386363326437363336613561323564306166313733633162646363353830
63306132386537363762396666356562623531666461333635336132613938346330353738396364
63313831383739303932383264646531616636646331623237353031656466643862316334396138
65333566653065663631626263353265653639316661313462366135376164373966643261373964
39353139386637646366323038653263383432373565386139353261633439303935396266623632
61613233326161383263623064353966306564653962646534666636333764356139656437366664
36336564343734346432663938323762613139326336336566633561333433653563643063653035
32323230626333376637363036663733393232346633623531373233323534333862303434343535
36303961393333303830303662376430613364363137346331383030626139663235353931393731
62356565613761376362303535646561396331333365373034636465396234376432343863393761
31366435306665393832653564383663333737663865646339656134633663356266333138306135
30303766323766653036383962663432656162323630616561393633326139333936656337356330
35313966376363363565306638663932376237333034363431306434383865376466636131376161
63653066353466363865613131663230643731393032613737323338633330633834656163653361
35393133323265316263316466666231333663356262313261613764313666346262383964323966
33336335353633653466636462633766626437623532313931373963303763376231393662383466
32343166303331313332323762396431646265333539346630623539663763306631373131386230
38346534613966393465626636383036343330666265393663313938363332343265353364633863
33613036383236633234303030373462616164363762616639366261343637303236363137346537
30336333636266363362366330316235626631636230623432653339656161616334356533316366
30643530396135316638643134386436636132393864343966306637333732633735386666366337
39353661323732666161313766643032363237633730633836353332323738653933386164643962
30306163383961323662316131613163373932373432386634653639663430393737333762326332
35656634643561333331653163616663656361623830663264656663313763616138333764666265
38363939396561613064636133643135373061353635613863663533663166353935396430363037
61383938393166633439656633613939336637313565653665396534636432666232393162393964
63316165313930623436646235323533663136306366643766623031343464346232363938383730
31313935396365613931636132316564356563626636393864326431383236363764636331663338
31356133323639613133313232636361633564653662303035303465366636396565356366363761
35363364363930383833616630356562336465653661333632393836613937373432363661323566
65376436653962393437396531336466383561386365366161663461633636303662626362386634
31396334393933376666633966323830353536376237323239396632376363623061393239653465
31643536333734316566373263396162633531333136353163666465386434303737653034336166
35346239363066386237653136633438356563613133313964613837333665353933383964343635
38373364373464616261303733356164303131353864666331303261643664363030613133313838
66316639356238376137653235636339373832383561303139376237653632343266303831343331
39656231303462633132346536303934373536353562383333383863376635623932613735353035
64626565363962616435643862636437363733353331386266646161666435336135616237666439
64393737346638343137653230326237393238613461326438366434313035363833613666326131
36393230306661366465386532306165393933353433313864333831353333306666393465396330
61386138646233353738376461343234363835323563646634333364363866616465333539323635
30346265333735333334643664356665326465363635366637373966623530363636613937313961
34623535366534306133313862383533616463626561626434343339356635346331333962376339
39643362666437613432343436656331316166613563336337343361356265656332383030336163
37616136643965623565616533636431613534646639383261653738373261636235363034356439
62383766343564613137316131383038653439343063343034636330346137626563343666623237
37326133373632623362306536393536343062353364393535383334333239386335663965613234
63333966393861313232623131346364663836613361613434353135386239633166643333393637
34336230343839303461623233306538333035663037313165363432393465386336363133366466
61356263656364636361366633663065333233333435616135643133613661303562323830336138
35356535316339393162646661313037616363343563326336356433373465333566626136353036
64346535633764356565643531363830346237613538383664333661353263616163303937306639
38336630346338373165623237303439633938303764363239313939633433643634353333383031
30643134313833383665303538636663353134636364336165613833323533303432636539626164
66323566666661383730393830643361626634346138363064366561313537616133356531303335
32633638663935306136623536303831356437363336366264323166646661643331656136393532
66393965613365666434613835366261303761326236656532646137393362326565323036646534
62326334336263316361333561653835363639363363663938343937643666663036356431306161
34666631353432306132353366633937366161393839663335633235373862336433303064373337
61643238313464633531313434363637616365623935626537613237386633366265626333313864
66663464396131366239383634326431363135383032626164643066316164353937323839653163
34373137663934623136653635316437393563643730316638643064393939353738343733646230
33653434393365383431626461386637373563643465336566353864386666336461356233306435
64396661623166643236356566656539383066323434613132323733653530346531353430363265
32303533373166613566393363616563626339613266336432616530323233333733376333343634
31323136373765646561626634643631616132633464636434336432663335666532623133613838
34343431616161656162306664393231303833363262666237316534363235343166626164616334
31303936656562323038306264303839393265623266663439643366623937643530333262316366
64313362633432316637353038626265326230323266383738643331393463623031613631303038
63653162333463643963323762616465363338313361633839306335613335653839663463386363
66313965396461356235363536326364313062383165343933623634393433653263323130303064
35363165633162633662656261306366323135386232616135346461373536366266323531363763
34323566643434616138376136333932626164636463653366626565613338376435336136653233
61613034333134613732616238636336343139633836646234633539613232373661626230373936
65353134633035383366353437366466386663353365333132613962343661363935323162613834
38633831303536626236333636346162373833633064376638326261386635613037346539653236
37306165303266393539313833613663366662393939646165326536313364373835663162366261
35663731353835396136663262313562636433326164336332616466326431623063363161306266
33663337323736326463643061623239643965333962633263333331336438623738656636626534
36333839323935653765663632623264333162343931323766383339333630653665343633303166
66623232386339383163316330313663633935656163336437383766666262343963653138623833
38666162336164623666336132353936396165663563623133633561353238363861363562383635
62396664373433353931633265353564383435613730623735613963313263643832373337343266
34393834636236306335393431313830383530396131326330313332313732356632643434373361
36663031636137656332343930626265653030306437326238396236363963393461303561616631
66386130313732333534343538666632363663356630313833643362366135323566376335623964
34333965616165656231643230373264386230636561333234326338306332323639623332383865
34393464643562636636626638383261363234326266353631613361326261633462653863656633
37343365306137396365363366376637383763613938303961333736396537343138343332626538
63373731316330336335343563353965623830636262313538363466333431333331363539653961
36373133623831386662376262636365313035306536356137646634353364613534663030376139
39646331623731633937646164643031306163613930643937336535616439353266653165303463
39376138353636376337613064346632383237636333336435336463613130653939626266396664
36633261653364313131663230643233343266623333376339376436346262656131633038343765
63633863646339396637393663343564306564343063346162353538313766633235363336326132
65306235333966316334366232323233633764643437326363626565336337313035623762633965
64653635616565393632306337336139386539393739636261306135383864303339376234303966
65343735636238393334613930643533653237636332363461303366323234653262613130643435
31316236343332663238316462653661613265336265316437653433393631643863613762666633
37313734636664373333363430336365363962353030623565656331363966373437633932363664
61303535383230616263616639616364363830396438383864626236363864326636643764343837
31633264313130313536316534313033393431313736616131393230613733393364623361383039
64336637383638333466653933336463333434326532643963316565313637663632663034613335
33653337346165613437363138653234663030383438343136623439316437613735613430343965
64663934666232313635623136356231616162663732303261643761323530396565326637363331
61626235366639366363306463313534613836323336366661303936323538366561303939383933
34303337643837663966343333646365633135336432323165376462643532356638666131326234
31643039356432333531343437353064363761613338323830616532363533636232393234393036
62313933323966643039653663666463363735336362333132306261376131396537373330623030
66366563313265373137663436626135383738333832346461663930316362323766316131376364
34353762663337373938356330313839373434306665626161336138363831303930383462383737
61663266633630386564613731313766373932326635353633393631636565616466636532633264
36666636386331616561616136666237386135623165613232666261376631306537383836633135
33306137316162343834333235626630626334386331393962306534616366383763663838393735
30333639353462613330626266656630303436383535353837353462396365306533616531356434
65366231353961353239353835616261323166396337316164353062353565616363306438343030
39646163633839306431646530633536396337326339333465383362633830636434306133646338
63333335303365363864666337633266386261613035326432636163366636356462643134313735
65656433653430313533623231383238636136383965383031633235396335636431333763356465
34303264326335333766333439346361623664383736633830633534366330633538366338313339
66653135323335623661353862353066356435623730363263383430636539313730373531373165
38663833633736643462306134313861653638346133316437316532613562393666333463313263
61313564626439393262396262343732383835626430363162363434383338633034386363646666
63376366356134353231303362303331353961323336653966323365643737393432646431356664
62373434346463643635333539623462303136636336386265616264633439306263623631366537
65306566666331343730666635663764346332303864663464396466616138373032313339613332
31376261663466343964613037346163356639643066613563666638386164363264653839376338
61666632386439373265346135323933623731663739613661303537303366643030306534633432
30356162363934303139333334643032326637663234633866323637373639653963366632386538
33396463613839623465666661633666386436616333623939356561353465636161376161396334
63306631343165386234616531643135343739353634373461386263313362663931323431343462
64633761623735386566656162303964346230613335663139323164626131633562323065623436
36613062633034343533336238303265356334643237656662333263366263306663303064376239
64663961643130363037616630333338373337643463336337323833623037666166646366636265
39383835643364633766343336363364656330653536633634343231336132663932656131393132
63393836353031666164356630386331353565393037383236613139663130333838346533393762
34313138343964316134393064333565363266616633653566363664643561393264373461316632
30356635373839653765633439333231356539323138306538376130363338373433333838316262
32386562663433306132303766633635373539373434396463353937623033326437643665333830
35313632613837373437643033376534633330626462356539306538623761366439323563343534
33643266313963646430376638623538656262393861646532633730643131313236333061316137
61393365346138633834653436346135616263636536653437616636663239643862323961616432
66663038663838373761346339363037323938393164353565643435633762666662643034623765
33386462353138383536643938346537353561623231346234633136623030393331613163653130
62356161323633333466383538383037303238313961366632343665656130363362393864393034
39653063643533343161396465613231663765313134366536336366316461646166646462326534
61656139623130366538646334393466393764363165663163316439343038363538336464616266
39666636663233653662383238623764333164623939623235373737656339393039386130373636
35333932313931646261616266613339333432616263313432643038646364303137646463656138
35386331396364306664316434373264343331336135306661653234373031373764366130323363
36653165333561303431613732366236306331363436356366323839363038313733383332326339
66323438396438383930383566343661316664376636343534653565646534336461386163623937
64616337613266313062653031393964386561336338373632323832343732633164323965313135
65303631353836653064643765333464636266343630346632613937616235396432333930306332
30373161346165626436303661306336636532396638626461343966363862626633663261323436
37333761646632633864636234303330623633636162363635666163303938393136313732393165
31383962303037663532663561653064666632633732373139353061656637303162653361386561
61356666323239623637393362653763653730333036353965636161623037643433343231353030
33616630653861373266353966336363656535366638333263316361313462316632323061663431
33616363303439663537633234633431636132663630346333353136663166343831663763363732
30653338323035623138343831363435333134386366653266353339353132643664643861656238
39393263633733373830636536356237613430633639643262626135373939343939386437373839
31663762646166313435323366666466393265356265386538656430313730323662363236623436
61323439636439376535303030656261653631623161303435336262396462623364303534306539
39396363613332333739306466303136333639313336373539666238316434363039393164656563
39323139353334623262633861646432666139316562656366316536613334363137326363383033
64376139633634373864303765353434653330653139393639616434306334613161313930636339
38653734366634326335313665306562336334326539366335343432353630646266
